player name,WAR,teammate_WAR,performance,avg_performance,cWAR
mini,2.3141866360064416,0.9468194258590377,2.444168943731597,0.6337762838769347,3.0283158586952954
greensleeves,2.2257384502299544,1.6864111937402793,1.3198076830203582,0.6337762838769347,2.496351053050477
mrkaivo,1.6889464262162321,1.8797425027821146,0.8984988229592646,0.6337762838769347,1.793369132546836
ral days,1.5698645358843417,1.7823719289115405,0.8807726998051564,0.6337762838769347,1.6672949786966287
fernado,1.5387270206218266,2.02996190837652,0.7580078297392473,0.6337762838769347,1.5877315151977216
scootleboot,1.5351912804186334,1.514382560837267,1.0137407284787152,0.6337762838769347,1.68507241918477
rubber ducky,1.492841123185929,1.3582655797051917,1.0990789617962244,0.6337762838769347,1.6763848632076215
ihave-80hd,1.4821714995300153,1.8962542893826109,0.7816311914646141,0.6337762838769347,1.5404944879997091
terminator,1.4317310949373416,1.5621062576712932,0.9165388640537756,0.6337762838769347,1.5432698931577193
lavablue,1.4314068639266697,1.1398970611866728,1.2557334452959508,0.6337762838769347,1.6767446815609859
novelsanity,1.3573672726112165,1.1083042003948467,1.224724468361338,0.6337762838769347,1.5904732595019915
deso,1.2863486628684686,2.0658878019274134,0.6226614347925103,0.6337762838769347,1.2819642888522809
bylebukong,1.2325344027558216,0.9527059022858368,1.293719709092375,0.6337762838769347,1.4928563183923755
toucan,1.1672844027558216,2.2111413861568048,0.5279103408148332,0.6337762838769347,1.12552442145197
hotshot,1.1372037575945313,1.0480365474471272,1.0850802487419005,0.6337762838769347,1.3152255518561633
glacidus,1.1112702898525957,1.0313945270736125,1.0774444314782392,0.6337762838769347,1.286280052322445
jbassfox,1.0743327898525958,2.837816854117638,0.37857721096192376,0.6337762838769347,0.9736667191083942
chyaboi,1.0444117372210169,1.0982530797051913,0.9509754686974088,0.6337762838769347,1.1695344314941853
senor brightside,1.0364260101915788,1.957411342417056,0.5294880987619988,0.6337762838769347,0.9952883927988196
sooper,0.9557744565192625,1.8953322463718583,0.5042780538076397,0.6337762838769347,0.9046924606463936
malandro_.,0.7872216787414845,1.784082246371858,0.4412474146538887,0.6337762838769347,0.7112765565741999
lalaluke413,0.7670780728714637,2.282495768384437,0.33606987732310484,0.6337762838769347,0.6496445185844916
penquan,0.7473044879658033,2.302269353290097,0.3245947251557925,0.6337762838769347,0.6253444341634515
dies,0.739591410542251,1.7260800624638122,0.4284803623109787,0.6337762838769347,0.6586101846788752
jams,0.7289698866267893,2.649455902285837,0.2751394676914099,0.6337762838769347,0.587501664594374
idoit,0.694940482160288,2.5660655797051914,0.27081945514429445,0.6337762838769347,0.5517681838406185
tacofish,0.6120784038876834,3.3000712400825503,0.1854743002070381,0.6337762838769347,0.43524077400370254
gabefrfx,0.5256802474797144,2.4681571051289204,0.21298492157866764,0.6337762838769347,0.3596944836530045
luma,0.4960232660430719,2.85621319875281,0.17366465019476302,0.6337762838769347,0.31452719030338894
king,0.40249112318592917,2.4486155797051916,0.16437497438221327,0.6337762838769347,0.2173306330271223
klosty,0.3687127898525957,2.0969586831534675,0.17583216723093212,0.6337762838769347,0.1880717149591538
kameron,0.35267538244518826,2.2186285426681542,0.1589609867819765,0.6337762838769347,0.16537928555181003
domo,0.341015482160288,3.227673446838059,0.10565365046279965,0.6337762838769347,0.1326917223220748
pastamafia,0.25187894369874964,3.0091271181667296,0.08370498613305626,0.6337762838769347,0.034897292705522304
zyphon,-0.013017210147404423,2.1556820270736123,-0.006038557627664403,0.6337762838769347,-0.2653991853732386
uday,-0.18449785530869445,2.369738160350353,-0.07785579790866745,0.6337762838769347,-0.46520892792583635
