player name,WAR,teammate_WAR,performance,avg_performance,cWAR
solo,2.5342968205674943,1.7086353078016558,1.4832286380808444,0.6040928531888661,2.898121595290132
mini,2.330841411210769,1.2975063518333037,1.796400771308303,0.6040928531888661,2.824270489135429
rubber ducky,1.8206706385343976,1.759030927573071,1.0350418574199662,0.6040928531888661,1.9990161536138347
kooks,1.794280835242547,1.8507877005197493,0.9694687482192941,0.6040928531888661,1.9454893345244426
particlebeamz,1.4626083285040026,1.2546350243549438,1.165763987224879,0.6040928531888661,1.6950523687997459
senor brightside,1.408130153900828,2.834801974468322,0.4967296363496177,0.6040928531888661,1.3636985668225738
terminator,1.4030315427897169,1.9713204573743053,0.7117216977794066,0.6040928531888661,1.4475730582299313
deso,1.3566315427897169,2.0177204573743053,0.6723585211378216,0.6040928531888661,1.3848828569662532
aarav,1.2378940427897167,1.549568850546174,0.7988635305578053,0.6040928531888661,1.318498653629255
bamboo,1.1826389407489004,2.462429595013396,0.4802731997470436,0.6040928531888661,1.1313969616441124
ethan,1.1264675722014814,2.501880190842591,0.45024840770736757,0.6040928531888661,1.062800023136222
dreamz,1.0658081052897168,1.8887880855794335,0.5642814635622573,0.6040928531888661,1.0493324139218858
merlin,1.0420581052897167,1.9125380855794336,0.5448561328774839,0.6040928531888661,1.0175433638891664
vt stormzy,1.0344317786387733,1.214316387466226,0.8518634758748524,0.6040928531888661,1.1369700810611836
dies,1.0100281891311802,2.5696733769762883,0.39305703136469095,0.6040928531888661,0.9226923513083332
bylebukong,0.9959721677897168,1.181164682559689,0.8432119436820243,0.6040928531888661,1.0949300884267943
penquan,0.8942235882442622,1.8932393050916285,0.47232464794036366,0.6040928531888661,0.8396921513331447
sooper,0.8750607094563835,1.2514547522461001,0.6992347968520892,0.6040928531888661,0.9144346000598689
leagueson,0.8550827220349998,1.3936654440699996,0.613549489709563,0.6040928531888661,0.8589962911455999
king,0.8467299802897168,2.1078662105794335,0.4017000585900366,0.6040928531888661,0.7629710045252938
toucan,0.8454535665992406,1.3316832837501653,0.6348758574323703,0.6040928531888661,0.8581929178765352
vpr.vnm,0.7848548271034422,1.3416606345990414,0.5849875943762769,0.6040928531888661,0.7769482367871784
purplecactus,0.7615675121774719,1.9556758406814745,0.3894139797278961,0.6040928531888661,0.6727240205156644
spoon,0.7490027384418907,2.830698827665578,0.2645999394642696,0.6040928531888661,0.6085057469891313
lalaluke413,0.6681487597708489,2.9769197759914476,0.22444298471171445,0.6040928531888661,0.5110330670122489
seq,0.6553452623019118,2.132117631033979,0.3073682487134162,0.6040928531888661,0.5325476646689034
roo,0.6146889145845884,2.759663085579434,0.222740564888748,0.6040928531888661,0.45686868616810916
g_llama,0.4930675121774719,2.2241758406814744,0.22168549048999603,0.6040928531888661,0.33481064790560117
luma,0.4665999251426579,1.6599155365598257,0.2810985949982046,0.6040928531888661,0.3329307977536937
idoit,0.4431718205674945,0.3405792279749019,1.3012297408817688,0.6040928531888661,0.7316775047569691
monkeylicous,0.35923366543122626,1.8895145006737732,0.1901195599732782,0.6040928531888661,0.18791344080420128
renshirokamazaki,0.3405792279749019,0.4431718205674945,0.7685037995845049,0.6040928531888661,0.4086196564983282
domo,0.33571111596044856,1.8414257343889573,0.1823104291913505,0.6040928531888661,0.16115913203487156
uday,0.300505153900828,3.9424269744683222,0.07622339128839647,0.6040928531888661,0.0820497214644198
lboyfelicia,0.17103877963182212,3.4573089834122506,0.049471649902408335,0.6040928531888661,-0.05848769148877672
