player name,WAR,teammate_WAR,performance,avg_performance,cWAR
azapatos,2.6463199557750396,0.7977686994288682,3.3171518983755197,0.642288763789185,3.687465031552938
kade,2.100807368362453,1.0813839674941363,1.942702528899703,0.642288763789185,2.606971355039848
aarav,1.9869149233075079,2.3766959180435867,0.8359987948912989,0.642288763789185,2.06231326515274
terminator,1.9090996760547603,2.572822429032598,0.7420254326578603,0.642288763789185,1.947920481622134
peak,1.8903611105661948,1.5390803292404982,1.2282407062528347,0.642288763789185,2.1184329590470963
chyaboi,1.5104807301858147,1.6606096085197772,0.9095941167847491,0.642288763789185,1.614524801974723
venom,1.4544759754310599,0.8062216533377046,1.8040646383158094,0.642288763789185,1.906677516242985
kooks,1.407106887593222,1.620463775186444,0.8683359104595387,0.642288763789185,1.4950919028287322
tipsy,1.4033795169035668,1.9203538613933404,0.7307921446755259,0.642288763789185,1.4378279557818272
sooper,1.360161214516299,3.121760890571059,0.4357032015566979,0.642288763789185,1.279751290709702
hotshot,1.3050499022991042,1.28468068695115,1.0158554694211954,0.642288763789185,1.4504544020711976
luma,1.295450637593222,3.0681602037578726,0.4222239229902527,0.642288763789185,1.2097941333829276
deso,1.266927200093222,1.7606434626864438,0.719581918169909,0.642288763789185,1.2970122485707682
vpr.vnm,1.2186454905343986,1.3710850987158556,0.8888182736985251,0.642288763789185,1.3146029180218959
rubber ducky,1.216128137593222,1.7549062751864442,0.6929875143696882,0.642288763789185,1.2358617657674897
arby,1.212661214516299,3.269260890571059,0.3709282480372733,0.642288763789185,1.1070387394511043
argon,1.208478137593222,1.762556275186444,0.6856394627543956,0.642288763789185,1.225351661391717
pops,1.150317825093222,1.5831512751864438,0.7266000685612004,0.642288763789185,1.1831345694943776
toucan,1.1112770264821108,2.059813312223481,0.5395037598249788,0.642288763789185,1.0712697082169484
tophatbear,1.0812452804503647,3.28236556090073,0.32941037809135887,0.642288763789185,0.9594626791745776
dreamz,1.0328191720759805,2.2909142062209265,0.45083275893587943,0.642288763789185,0.95829817169143
ral days,0.9677791632342476,0.6481352495454185,1.49317470992824,0.642288763789185,1.298972076029129
senor brightside,0.8875346893173599,2.4361986889795473,0.36431129091901876,0.642288763789185,0.779336676000796
penquan,0.831935012593222,1.901534087686444,0.43750728318808085,0.642288763789185,0.7522272969416999
uncledrug,0.8241854348905193,2.6052560049161735,0.31635487389157296,0.642288763789185,0.6973212001907078
double unicycle,0.7987765991316835,2.383414736724906,0.33513957383233145,0.642288763789185,0.6792239900587699
front flip freddy,0.7512162625932219,1.9822528376864441,0.3789709608739884,0.642288763789185,0.6487242769940375
phrez,0.7148948943499788,2.714546545456714,0.26335702202140726,0.642288763789185,0.5674021453206058
vt stormzy,0.7007704905343985,0.7047346085197773,0.9943750201317557,0.642288763789185,0.8378140899994727
bern1s,0.5945548042598886,0.8109502947942873,0.7331581332129715,0.642288763789185,0.6299241640193924
lukethighwalkr4,0.5493325820376664,2.6217577566679253,0.20952835197704556,0.642288763789185,0.3808879368055641
shooopen,0.5464281375932221,2.424606275186444,0.22536778164166205,0.642288763789185,0.3841487215218993
dies,0.45883044528552974,1.1570839674941364,0.39654031874558393,0.642288763789185,0.36317703404032625
king,0.44572637288733974,1.8149712558814248,0.24558315810399797,0.642288763789185,0.29131544899665046
renshirokamazaki,0.44332753153261595,3.0007611236712917,0.1477383614561846,0.642288763789185,0.2508321812265486
beeholder,0.36049528045036483,1.9002023483183996,0.18971415374230446,0.642288763789185,0.18433829485368597
mistermirz,0.35444116789625224,3.089647487307656,0.1147189669217297,0.642288763789185,0.1490935786923499
yopazzy,0.3535365750932219,2.6740340876864437,0.13221094552279974,0.642288763789185,0.15499744167557528
uday,0.2826073683624528,2.8995839674941366,0.09746479892654611,0.642288763789185,0.07054388711437376
g_llama,0.18930480425988871,1.4266096085197773,0.13269559039091833,0.642288763789185,-0.00904568936852218
notmylos,0.11017980425988871,1.2953252947942873,0.08505956357270592,0.642288763789185,-0.10671220430067807
pastamafia,0.06603519641675137,2.5236953928335026,0.02616607242073289,0.642288763789185,-0.1737801039995419
