player name,WAR,teammate_WAR,performance,avg_performance,cWAR
kade,2.170217783389228,0.4699763276480212,4.6177172247164044,0.7198306525642252,3.523969029695178
mini,2.010103894500339,0.9951411223340115,2.019918431052097,0.7198306525642252,2.4616294629992
leon,1.8224870923323173,2.396766867591464,0.7603939778105134,0.7198306525642252,1.8365748937831832
peak,1.7505761167225615,0.49617723344512266,3.528126642505809,0.7198306525642252,2.7259082937900767
snipey,1.6944159126409286,2.8247808048736944,0.5998397856985904,0.7198306525642252,1.65274261544311
hotshot,1.5925218614034125,1.8249054249344845,0.8726599415203038,0.7198306525642252,1.6456000709835619
vpr.vnm,1.5898036677429697,2.9293930497716536,0.5427075304445387,0.7198306525642252,1.528288114922064
deso,1.57151148257622,2.6477424773475615,0.5935288254130057,0.7198306525642252,1.5276463641968834
rubber ducky,1.490092783389228,1.3769459834451228,1.0821722865707568,0.7198306525642252,1.6159354495481972
bylebukong,1.4180891602008223,2.055526146488601,0.6898910834208093,0.7198306525642252,1.407691030780811
argon,1.3792516981179102,2.3071313032125644,0.5978210673130616,0.7198306525642252,1.3368772921320948
greensleeves,1.3276601592757529,1.0594692547217184,1.2531370338108376,0.7198306525642252,1.5128795505821788
leagueson,1.2389473933183062,2.178479893019591,0.5687210597115042,0.7198306525642252,1.1864664409184504
senor brightside,1.2349771371307248,3.2842195803838985,0.3760336685485463,0.7198306525642252,1.1155751004186925
pops,1.212763326024887,2.4736196753055877,0.4902788161543321,0.7198306525642252,1.1330390757473496
terminator,1.1551832595797042,0.619891403952035,1.8635252113757141,0.7198306525642252,1.5523928514251437
tipsy,1.1522338090302535,1.2760325219066613,0.9029815378910355,0.7198306525642252,1.2158428275800954
fernado,1.146719594983431,2.3268957117059923,0.49281091078323375,0.7198306525642252,1.0678747510703912
ral days,1.1274902192866638,1.2069318555773765,0.9341788553151502,0.7198306525642252,1.2019341881518963
capi,1.0943679771876778,2.592015024142797,0.42220742047959203,0.7198306525642252,0.9910022650495445
king,0.9088065515051702,2.564808755184253,0.354336965541075,0.7198306525642252,0.7818691650097611
wika,0.8812698667225614,1.5469964642143532,0.5696650814067096,0.7198306525642252,0.8291167767483478
tophatbear,0.8252553850152442,3.3939985749085375,0.24315136462232706,0.7198306525642252,0.6597028046118389
arby,0.817031379880456,1.5173906949835843,0.5384449651507155,0.7198306525642252,0.7540354214674021
toucan,0.7004886167225614,2.166550150111789,0.3233198256160457,0.7198306525642252,0.5627788562616446
waycey,0.6764573667225613,2.1905814001117894,0.3088026615619216,0.7198306525642252,0.533705738427033
testie,0.6714048401268167,1.7157245738706546,0.3913243712609042,0.7198306525642252,0.5573133242497504
awe,0.5924483389447835,2.412796677889567,0.24554424513837952,0.7198306525642252,0.42772681530018974
phrez,0.5859580316161783,2.8314692547217186,0.20694486815954044,0.7198306525642252,0.40783079343256823
dies,0.5413938586580452,1.233680804873694,0.4388443562704811,0.7198306525642252,0.4438062193664989
elatedthug,0.402692783389228,2.6025522334451225,0.15472995247290938,0.7198306525642252,0.2064311008399092
front flip freddy,0.3947626551840998,2.033503675752815,0.19412930494849306,0.7198306525642252,0.2121845217915281
lukethighwalkr4,0.38990047569692043,1.9445215991671199,0.2005122884024138,0.7198306525642252,0.20953917741382308
g_llama,0.3880644145949017,1.9990649994025695,0.19412295983916314,0.7198306525642252,0.2054840775210519
renshirokamazaki,0.36211361672256137,1.8846397334451228,0.19213943667664132,0.7198306525642252,0.17884439429927
beeholder,0.3324043775921265,2.307789733445123,0.14403581607753554,0.7198306525642252,0.13242857966119728
mistermirz,0.13757195005589473,2.5026221609813546,0.05497112276906737,0.7198306525642252,-0.09333636408256069
uday,0.13406361672256129,2.112689733445123,0.06345636777623107,0.7198306525642252,-0.09389773864964227
gangster.goose,0.07849754529398978,1.6965771182377494,0.04626818577839003,0.7198306525642252,-0.15543333288771496
