player name,WAR,teammate_WAR,performance,avg_performance,cWAR
mini,2.2403681390409655,1.0639817326273853,2.105645304180763,0.7317727781198021,2.7097325944908364
lavablue,1.8816772299500564,0.9947703689910217,1.8915694401499001,0.7317727781198021,2.277905641524087
shaunch,1.879585740588354,1.2077672258575594,1.556248340199643,0.7317727781198021,2.1612563584125875
steve,1.8447147299500561,2.0320098170429697,0.9078276662238424,0.7317727781198021,1.9048614357883051
goofy,1.7833248489976754,0.8813301009257533,2.02344711377095,0.7317727781198021,2.224607435024564
rex,1.6930004442357705,1.8527330313286838,0.9137854270464636,0.7317727781198021,1.7551825362624511
ant the knee,1.6625602488179807,0.473195550046863,3.5134739721312442,0.7317727781198021,2.61288980369657
greensleeves,1.6419368044181413,0.8683842471341551,1.890795243968171,0.7317727781198021,2.037900722625898
bylebukong,1.610726209541893,1.7536769088797044,0.9184851561801471,0.7317727781198021,1.6745138987136872
terminator,1.5146472299500564,1.419471126566779,1.0670503975755226,0.7317727781198021,1.6291901691931552
scootleboot,1.4996198225426487,1.5202303858260384,0.9864424738016332,0.7317727781198021,1.586624184858562
swej.,1.4709272299500562,1.8005044599001123,0.8169528388903073,0.7317727781198021,1.5000278139419083
chyaboi,1.4208535011364969,1.641486663289943,0.8655894275063782,0.7317727781198021,1.4665700997131756
solo,1.4137933589823142,0.36487039917904984,3.874782284787468,0.7317727781198021,2.487558877680356
fernado,1.392277229950056,2.1534562456143984,0.6465314690212469,0.7317727781198021,1.3631557213181102
hotshot,1.3799511429935345,1.9237175033783733,0.7173356485919096,0.7317727781198021,1.375018898327032
brictone,1.2752522299500562,1.9961794599001124,0.638846484280461,0.7317727781198021,1.2435052530817365
vt stormzy,1.2340849222577486,1.2279269088797045,1.0050149673677746,0.7317727781198021,1.3274343188935573
deso,1.1365272299500562,1.5281277199733725,0.7437383767698815,0.7317727781198021,1.1406151104396882
sooper,1.1321794038630997,2.171489242508808,0.521383841881274,0.7317727781198021,1.0603029476292753
dreamz,1.06902212790924,2.2953809905123572,0.46572753382897936,0.7317727781198021,0.9781314675001467
idoit,1.0324022299500564,2.8443223170429697,0.362969493212488,0.7317727781198021,0.9064057130206798
dies,1.0225751022904819,2.0647778641554315,0.49524702876875903,0.7317727781198021,0.9417693670871424
caden the fish fisher,0.9996075870929134,2.8771169599001123,0.34743376825654587,0.7317727781198021,0.8683035056365196
neosunlight,0.9806139646439338,1.481397866493519,0.6619517867708661,0.7317727781198021,0.9567605932708102
commanderboy,0.9600272299500562,2.059822978418631,0.46607268683209324,0.7317727781198021,0.8692544862677919
jbassfox,0.9370272299500563,1.9970911265667792,0.46919603090967105,0.7317727781198021,0.8473215333659373
rutface,0.9316670604585309,2.1306731039679088,0.43726419539604944,0.7317727781198021,0.8310522960365557
lite,0.8781408663136926,1.9983067326273853,0.4394424799635779,0.7317727781198021,0.7782702825420025
penquan,0.7915380995152737,2.512130546856634,0.31508637180727145,0.7317727781198021,0.6491829796025208
jams,0.7098196028314121,2.3525205615950275,0.3017272683687614,0.7317727781198021,0.5629005308839736
lalaluke413,0.6846547809704644,2.679748337451133,0.255492193577282,0.7317727781198021,0.5219401382618825
skotaeh,0.6603578751113466,1.1183058830500174,0.590498436179479,0.7317727781198021,0.6120934595152547
senor brightside,0.6212960978745845,1.5144597009902592,0.41024274034385855,0.7317727781198021,0.5114498288585129
asianapple,0.5760644639926095,1.9342565875596869,0.2978221543602903,0.7317727781198021,0.4278112641146046
zyphon,0.5639772299500563,2.7403726417182943,0.20580311646828658,0.7317727781198021,0.3842870045897579
gabefrfx,0.5602031558759821,2.4596470524927048,0.22775753753297645,0.7317727781198021,0.38801335336589515
ilygio,0.5252522299500562,2.7461794599001124,0.19126653506073538,0.7317727781198021,0.34059578357067954
sergeantsergio,0.500004502677329,2.804345368991022,0.17829633546784793,0.7317727781198021,0.3109169678574215
klosty,0.4824438966167228,2.451674459900113,0.1967813853379126,0.7317727781198021,0.29967152219317483
monkeylicous,0.46045580137862774,3.0852776741858268,0.1492429045305095,0.7317727781198021,0.26144256564238266
king,0.2923197831415456,2.2180012684107506,0.13179423623639291,0.7317727781198021,0.087345452371488
dazedrex69,0.24731294423577055,2.214698886901682,0.11166887999919313,0.7317727781198021,0.035463065194803856
renshirokamazaki,0.18519212356707748,2.902160842878836,0.06381180561425182,0.7317727781198021,-0.043007459854770974
pastamafia,0.11662950267732908,2.759818096263749,0.042259851413838645,0.7317727781198021,-0.11893300638374174
cooldudesood,-0.14810054782772153,2.2838563466925654,-0.06484670020607809,0.7317727781198021,-0.4202545217609599
cryo,-0.2551971290243029,2.9198520789477316,-0.08740070459880006,0.7317727781198021,-0.5350563651192028
nx2 madison,-0.29548747593229674,2.0741512340936605,-0.14246187600752053,0.7317727781198021,-0.5941575960389638
