player name,WAR,teammate_WAR,performance,avg_performance,cWAR
hotshot,2.008815359288958,1.9077640519112493,1.052968451353548,0.6342269523432783,2.17387516061999
ral days,1.9573091501386308,1.3345727120419681,1.46661859071271,0.6342269523432783,2.2854218372824024
mrkaivo,1.8793245733810988,1.6105406101768318,1.1668905220432506,0.6342269523432783,2.0892902519650587
alex,1.8495618239354226,1.1179304660526632,1.6544515782507476,0.6342269523432783,2.251714642472243
terminator,1.6352584148445137,1.2098168296890268,1.3516578499448078,0.6342269523432783,1.9180558010762236
leon,1.6107959148445135,1.6934043296890269,0.951217548345537,0.6342269523432783,1.7357474778579873
bamboo,1.6014941706584669,1.4776617028391326,1.0838029892643266,0.6342269523432783,1.7787083505588952
deso,1.5781888635624621,2.474493111740309,0.6377826861083978,0.6342269523432783,1.5795904650522687
leagueson,1.400589962463561,2.4062037344509317,0.5820745527116221,0.6342269523432783,1.3800324950463498
argon,1.393515359288958,2.5230640519112493,0.552310734336433,0.6342269523432783,1.3612255702378189
thepistolcrab,1.3644267971974546,1.9274550649831443,0.7078903275025955,0.6342269523432783,1.3934634751907002
vpr.vnm,1.3488042481778468,2.4579894487366456,0.5487428958944895,0.6342269523432783,1.315108086207376
definitelyanna,1.3296453334491647,1.7495105400484348,0.7600099016336043,0.6342269523432783,1.3792265396820422
tipsy,1.3212914276650263,2.7313905476377447,0.4837431354544853,0.6342269523432783,1.261973617087598
rubber ducky,1.2955264704000689,0.5010202347069481,2.5857767424460123,0.6342269523432783,2.0647896587951466
toucan,1.1532016840752826,2.8994802912274884,0.39772702975921154,0.6342269523432783,1.059977988003131
dies,1.1190196953323184,2.370845488225612,0.47199182776344273,0.6342269523432783,1.0550697465086263
senor brightside,1.1055709148445134,2.1986293296890267,0.5028455228516782,0.6342269523432783,1.0537828959791116
seq,1.0573994862730849,2.749394210641408,0.3845936250903807,0.6342269523432783,0.9589988560528706
vt stormzy,0.9744375815111801,0.8784899778371751,1.1092187800596498,0.6342269523432783,1.1616701746552507
luma,0.9593959148445135,1.885679329689027,0.508779992302684,0.6342269523432783,0.9099471490765556
klosty,0.9544140966626953,2.0130781933253905,0.4741068180198728,0.6342269523432783,0.89129783609863
arby,0.816308124146839,0.780491829689027,1.0458893906321638,0.6342269523432783,0.9785774966356288
g_llama,0.5878334148445135,2.7163668296890267,0.21640428252166863,0.6342269523432783,0.42313579821142955
front flip freddy,0.5562857296593282,1.296641829689027,0.4290203485049853,0.6342269523432783,0.4753972546898728
domo,0.5142486926222913,3.402330718577916,0.15114600406548181,0.6342269523432783,0.32382752457946484
kameron,0.49152091484451343,2.998344268713417,0.16393078005529496,0.6342269523432783,0.30613925826622546
penquan,0.45797091484451347,1.1388290389913525,0.40214193629109857,0.6342269523432783,0.3664874895522363
king,0.3225209148445135,1.2742790389913523,0.25310069849363837,0.6342269523432783,0.1722883157561695
spoon,0.3222042481778469,1.5307233111705083,0.21049150151862836,0.6342269523432783,0.15517592761409815
renshirokamazaki,0.31798480373340243,1.4785619013736144,0.21506357186532943,0.6342269523432783,0.15275870488611049
zyphon,0.25042091484451334,2.5946543296890274,0.09651417222675925,0.6342269523432783,0.03846493515544794
roo,0.1830354309735457,1.6135112741334714,0.11343920176315099,0.6342269523432783,-0.02224902936670506
pastamafia,0.16351636938996794,2.803975920598118,0.05831589643433462,0.6342269523432783,-0.06349663194225433
monkeylicous,0.14801636938996798,2.9311395041076316,0.050497893117178914,0.6342269523432783,-0.08207833766615588
reapzz,-0.029854085155486487,3.3217359473360855,-0.008987494981179466,0.6342269523432783,-0.2833967818778401
