player name,WAR,teammate_WAR,performance,avg_performance,cWAR
mini,1.905058124740734,0.7234250730108803,2.633386919825603,0.6319973706571645,2.696750322402629
greensleeves,1.8264712263450122,1.5433742708718428,1.1834272870917109,0.6319973706571645,2.0446010564822634
leon,1.6247829146567005,1.6670934790829866,0.9746201608025246,0.6319973706571645,1.7603146455043674
ral days,1.5622062596044357,2.270132031403994,0.6881565644612609,0.6319973706571645,1.5844212229933263
terminator,1.4937948194186053,1.763232495980068,0.8471910668753302,0.6319973706571645,1.578919262260196
rubber ducky,1.440006416960848,1.4762708984378252,0.9754350766411829,0.6319973706571645,1.5758605050984713
hotshot,1.4207591051328912,1.5818991626467347,0.898135063650812,0.6319973706571645,1.5260355292724852
kooks,1.415357589981376,1.0415788163263884,1.3588578874648123,0.6319973706571645,1.7028827247979348
leagueson,1.3416696742385823,2.490668616769847,0.5386785159635553,0.6319973706571645,1.3047554167486444
tipsy,1.2070805337043198,2.0499467816943535,0.5888350587846115,0.6319973706571645,1.1900067633547406
aarav,1.2039057717995578,1.0406515435991155,1.1568769384954969,0.6319973706571645,1.4115330469306835
toucan,1.1608289976060093,2.1310473961336776,0.5447222805612307,0.6319973706571645,1.1263054797291931
sooper,1.1508916808904668,2.218953816326388,0.5186640985596704,0.6319973706571645,1.1060602949704401
deso,1.0707352956090816,1.9319229721705442,0.5542329125089779,0.6319973706571645,1.039973910452002
vpr.vnm,1.0229096427672997,1.8933676726313735,0.540259378858875,0.6319973706571645,0.986620729214187
bern1s,1.0144257717995577,1.4425106345082066,0.7032362518044137,0.6319973706571645,1.0426058262011977
uncledrug,0.9284623571654115,2.9038759338430182,0.3197321023066833,0.6319973706571645,0.8049391896458294
argon,0.9152857717995577,1.3292715435991156,0.6885619241658809,0.6319973706571645,0.9376610838399778
king,0.6996757717995578,1.9288074259520567,0.3627504552219353,0.6319973706571645,0.5931694286025677
g_llama,0.5561519622757483,2.700875353122925,0.20591544946074233,0.6319973706571645,0.3876061973015313
lukethighwalkr4,0.511163867037653,2.491494400741973,0.20516356243282236,0.6319973706571645,0.34232067715993597
notmylos,0.5062644814769771,2.78561191226271,0.18174264665092785,0.6319973706571645,0.3281566502932603
front flip freddy,0.45336125567052554,2.4629160597281476,0.18407499268187272,0.6319973706571645,0.2761760335589476
renshirokamazaki,0.392482589981376,2.977362907235479,0.13182222060588553,0.6319973706571645,0.1946276726693047
beeholder,0.12536577179955777,2.1191915435991158,0.0591573575207098,0.6319973706571645,-0.10123327739458812
phrez,0.02715304452683065,2.4297833617809337,0.011175088674131244,0.6319973706571645,-0.21842641149902628
mistermirz,0.02374930121132257,2.6047338965402917,0.00911774567178141,0.6319973706571645,-0.22264398059050655
